18953 0.0 0.0 90.0
18954 0.0 0.0 90.0
18955 0.0 0.0 90.0
18956 0.0 0.0 90.0
18957 0.0 0.0 90.0
18958 0.0 0.0 90.0
18959 0.0 0.0 90.0
18960 0.0 0.0 90.0
18961 0.0 0.0 90.0
18939 0.0 0.0 90.0
18940 0.0 0.0 90.0
18941 0.0 0.0 90.0
18942 0.0 0.0 90.0
18943 0.0 0.0 90.0
18944 0.0 0.0 90.0
18945 0.0 0.0 90.0
18946 0.0 0.0 90.0
18947 0.0 0.0 90.0
18948 0.0 0.0 90.0
18949 0.0 0.0 90.0
18950 0.0 0.0 90.0
18951 0.0 0.0 90.0
19064 0.0 0.0 90.0
19065 0.0 0.0 90.0
19066 0.0 0.0 90.0
18971 0.0 0.0 90.0
18972 0.0 0.0 90.0
18973 0.0 0.0 90.0
18891 0.0 0.0 90.0
18892 0.0 0.0 90.0
18893 0.0 0.0 90.0
18894 0.0 0.0 90.0
18895 0.0 0.0 90.0
18896 0.0 0.0 90.0
18897 0.0 0.0 90.0
18898 0.0 0.0 90.0
18899 0.0 0.0 90.0
18900 0.0 0.0 90.0
18901 0.0 0.0 90.0
18902 0.0 0.0 90.0
18903 0.0 0.0 90.0
18904 0.0 0.0 90.0
18905 0.0 0.0 90.0
18906 0.0 0.0 90.0
18907 0.0 0.0 90.0
18908 0.0 0.0 90.0
18909 0.0 0.0 90.0
18910 0.0 0.0 90.0
18967 0.0 0.0 90.0
18968 0.0 0.0 90.0
18969 0.0 0.0 90.0
18639 0.0 0.0 90.0
18926 0.0 0.0 90.0
18927 0.0 0.0 90.0
18928 0.0 0.0 90.0
18929 0.0 0.0 90.0
18930 0.0 0.0 90.0
18931 0.0 0.0 90.0
18932 0.0 0.0 90.0
18933 0.0 0.0 90.0
18934 0.0 0.0 90.0
18935 0.0 0.0 90.0
18962 0.0 0.0 90.0
19095 0.0 0.0 90.0
19096 0.0 0.0 90.0
19097 0.0 0.0 90.0
19098 0.0 0.0 90.0
18970 0.0 0.0 90.0
18865 0.0 0.0 90.0
18866 0.0 0.0 90.0
18867 0.0 0.0 90.0
18868 0.0 0.0 90.0
18869 0.0 0.0 90.0
18870 0.0 0.0 90.0
18871 0.0 0.0 90.0
18872 0.0 0.0 90.0
18873 0.0 0.0 90.0
19039 0.0 0.0 90.0
19040 0.0 0.0 90.0
19041 0.0 0.0 90.0
19042 0.0 0.0 90.0
19043 0.0 0.0 90.0
19044 0.0 0.0 90.0
19045 0.0 0.0 90.0
19046 0.0 0.0 90.0
19047 0.0 0.0 90.0
19048 0.0 0.0 90.0
19049 0.0 0.0 90.0
19050 0.0 0.0 90.0
19051 0.0 0.0 90.0
19052 0.0 0.0 90.0
19053 0.0 0.0 90.0
18921 0.0 0.0 90.0
18922 0.0 0.0 90.0
18923 0.0 0.0 90.0
18924 0.0 0.0 90.0
18925 0.0 0.0 90.0
18640 0.0 0.0 90.0
18975 0.0 0.0 90.0
19136 0.0 0.0 90.0
19274 0.0 0.0 90.0
18641 0.0 0.0 90.0
18644 0.0 0.0 90.0
18874 0.0 0.0 90.0
18875 0.0 0.0 90.0
18890 0.0 0.0 90.0
18911 0.0 0.0 90.0
18912 0.0 0.0 90.0
18913 0.0 0.0 90.0
18914 0.0 0.0 90.0
18915 0.0 0.0 90.0
18916 0.0 0.0 90.0
18917 0.0 0.0 90.0
18918 0.0 0.0 90.0
18919 0.0 0.0 90.0
18920 0.0 0.0 90.0
18645 0.0 0.0 90.0
18976 0.0 0.0 90.0
18977 0.0 0.0 90.0
18978 0.0 0.0 90.0
18979 0.0 0.0 90.0
19101 0.0 0.0 90.0
19102 0.0 0.0 90.0
19103 0.0 0.0 90.0
19104 0.0 0.0 90.0
19105 0.0 0.0 90.0
19106 0.0 0.0 90.0
19107 0.0 0.0 90.0
19108 0.0 0.0 90.0
19109 0.0 0.0 90.0
19110 0.0 0.0 90.0
19111 0.0 0.0 90.0
19112 0.0 0.0 90.0
19113 0.0 0.0 90.0
19114 0.0 0.0 90.0
19115 0.0 0.0 90.0
19116 0.0 0.0 90.0
19117 0.0 0.0 90.0
19118 0.0 0.0 90.0
19119 0.0 0.0 90.0
19120 0.0 0.0 90.0
18936 0.0 0.0 90.0
18937 0.0 0.0 90.0
18938 0.0 0.0 90.0
18952 0.0 0.0 90.0
18964 0.0 0.0 90.0
18965 0.0 0.0 90.0
18966 0.0 0.0 90.0
18638 0.0 0.0 90.0
19093 0.0 0.0 90.0
19160 0.0 0.0 90.0
19006 0.0 0.0 90.0
19007 0.0 0.0 90.0
19008 0.0 0.0 90.0
19009 0.0 0.0 90.0
19010 0.0 0.0 90.0
19011 0.0 0.0 90.0
19012 0.0 0.0 90.0
19013 0.0 0.0 90.0
19014 0.0 0.0 90.0
19015 0.0 0.0 90.0
19016 0.0 0.0 90.0
19017 0.0 0.0 90.0
19488 0.0 0.0 90.0
19487 0.0 0.0 90.0
19018 0.0 0.0 90.0
19019 0.0 0.0 90.0
19020 0.0 0.0 90.0
19021 0.0 0.0 90.0
19022 0.0 0.0 90.0
19023 0.0 0.0 90.0
19024 0.0 0.0 90.0
19025 0.0 0.0 90.0
19026 0.0 0.0 90.0
19027 0.0 0.0 90.0
19028 0.0 0.0 90.0
19029 0.0 0.0 90.0
19030 0.0 0.0 90.0
19031 0.0 0.0 90.0
19032 0.0 0.0 90.0
19033 0.0 0.0 90.0
19034 0.0 0.0 90.0
19035 0.0 0.0 90.0
18974 0.0 0.0 90.0
19036 0.0 0.0 90.0
19037 0.0 0.0 90.0
19038 0.0 0.0 90.0
19067 0.0 0.0 90.0
19068 0.0 0.0 90.0
19069 0.0 0.0 90.0
19078 0.0 0.0 90.0
19079 0.0 0.0 90.0
19085 0.0 0.0 90.0
19090 0.0 0.0 90.0
19091 0.0 0.0 90.0
19092 0.0 0.0 90.0
19094 0.0 0.0 90.0
19137 0.0 0.0 90.0
19163 0.0 0.0 90.0
19330 0.0 0.0 90.0
19331 0.0 0.0 90.0
19317 0.0 0.0 90.0
19318 0.0 0.0 90.0
19319 0.0 0.0 90.0
1210 0.0 0.0 90.0
3044 0.0 0.0 90.0
18632 0.0 0.0 90.0
18633 0.0 0.0 90.0
18634 0.0 0.0 90.0
18635 0.0 0.0 90.0
19421 0.0 0.0 90.0
19422 0.0 0.0 90.0
19423 0.0 0.0 90.0
19424 0.0 0.0 90.0