2617
2572
2571
2357
2290
2289
2288
2287
2286
2285
2284
2282
2281
2280
2279
2278
2277
2276
2275
2274
2273
2272
2271
2270
2269
2268
2267
2266
2265
2264
2263
2262
2261
2260
2259
2258
2118
2257
2256
2255
2086
2085
2108
2076
2075
2074
2073
2072
2071
2069
2026
2023
1962
1961
1960
1893
1768
1766
1764
1763
1761
1760
1757
1756
1753
1734
1731
1713
1712
1710
1709
1707
1706
1703
1702
1754
1755
1758
1759
1762
1765
1769
2608
14491
2200
2167
2164
2161
2162
2568
2562