19353 0.0 0.0 90.0
19354 0.0 0.0 90.0
19355 0.0 0.0 90.0
19356 0.0 0.0 90.0
19357 0.0 0.0 90.0
19358 0.0 0.0 90.0
19359 0.0 0.0 90.0
19360 0.0 0.0 90.0
19361 0.0 0.0 90.0
19362 0.0 0.0 90.0
19363 0.0 0.0 90.0
19364 0.0 0.0 90.0
19365 0.0 0.0 90.0
19366 0.0 0.0 90.0
19367 0.0 0.0 90.0
19368 0.0 0.0 90.0
19369 0.0 0.0 90.0
19370 0.0 0.0 90.0
19371 0.0 0.0 90.0
19372 0.0 0.0 90.0
19373 0.0 0.0 90.0
19375 0.0 0.0 90.0
19376 0.0 0.0 90.0
19377 0.0 0.0 90.0
19378 0.0 0.0 90.0
19379 0.0 0.0 90.0
19380 0.0 0.0 90.0
19381 0.0 0.0 90.0
19383 0.0 0.0 90.0
19384 0.0 0.0 90.0
19385 0.0 0.0 90.0
19386 0.0 0.0 90.0
19387 0.0 0.0 90.0
19388 0.0 0.0 90.0
19389 0.0 0.0 90.0
19390 0.0 0.0 90.0
19391 0.0 0.0 90.0
19392 0.0 0.0 90.0
19393 0.0 0.0 90.0
19394 0.0 0.0 90.0
19395 0.0 0.0 90.0
19396 0.0 0.0 90.0
19397 0.0 0.0 90.0
19398 0.0 0.0 90.0
19399 0.0 0.0 90.0
19400 0.0 0.0 90.0
19401 0.0 0.0 90.0
19402 0.0 0.0 90.0
19403 0.0 0.0 90.0
19404 0.0 0.0 90.0
19405 0.0 0.0 90.0
19406 0.0 0.0 90.0
19407 0.0 0.0 90.0
19408 0.0 0.0 90.0
19409 0.0 0.0 90.0
19410 0.0 0.0 90.0
19411 0.0 0.0 90.0
19412 0.0 0.0 90.0
19413 0.0 0.0 90.0
19414 0.0 0.0 90.0
19415 0.0 0.0 90.0
19416 0.0 0.0 90.0
19417 0.0 0.0 90.0
19426 0.0 0.0 90.0
19427 0.0 0.0 90.0
19428 0.0 0.0 90.0
19429 0.0 0.0 90.0
19430 0.0 0.0 90.0
19431 0.0 0.0 90.0
19432 0.0 0.0 90.0
19433 0.0 0.0 90.0
19434 0.0 0.0 90.0
19435 0.0 0.0 90.0
19436 0.0 0.0 90.0
19437 0.0 0.0 90.0
19438 0.0 0.0 90.0
19439 0.0 0.0 90.0
19440 0.0 0.0 90.0
19441 0.0 0.0 90.0
19442 0.0 0.0 90.0
19443 0.0 0.0 90.0
19444 0.0 0.0 90.0
19445 0.0 0.0 90.0
19470 0.0 0.0 90.0
19471 0.0 0.0 90.0